three.js:27748 WARNING: Multiple instances of Three.js being imported.
(anonymous) @ three.js:27748
viewer.js:43 [1,0,0,0,0,0.0000010000444490287919,-0.9999999999995,0,0,0.9999999999995,0.0000010000444490287919,0,0,4.9999999999975,0.0000050002222465158765,1]
viewer.js:43 [0.20284641887778632,0,-0.9792105648676681,0,-0.4113737689240338,0.9074743144274284,-0.08521731570346694,0,0.8886084360333821,0.4201075679566708,0.1840779149051781,0,19.756359099930915,6.1650117828902085,-3.766928625446842,1]
viewer.js:43 [-0.018240741028615393,0,-0.9998336238428507,0,-0.4161490692007647,0.9092647093982299,0.007592130550095971,0,0.9091134294300487,0.4162183180050496,-0.016585662090592423,0,17.23299439842849,4.728392388491359,-8.267791287556443,1]
viewer.js:43 [-0.01824074102587603,0,-0.9998336238429008,0,-0.41614906919999145,0.9092647093985935,0.007592130548941256,0,0.9091134294304578,0.41621831800425535,-0.01658566208810819,0,17.232994398432893,4.72839238848279,-8.26779128752968,1]
viewer.js:43 [-0.01824074102587603,0,-0.9998336238429008,0,-0.41614906919999145,0.9092647093985935,0.007592130548941256,0,0.9091134294304578,0.41621831800425535,-0.01658566208810819,0,17.232994398432893,4.72839238848279,-8.26779128752968,1]
viewer.js:43 [-0.01824074102587603,0,-0.9998336238429008,0,-0.41614906919999145,0.9092647093985935,0.007592130548941256,0,0.9091134294304578,0.41621831800425535,-0.01658566208810819,0,17.232994398432893,4.72839238848279,-8.26779128752968,1]
viewer.js:43 [-0.01824074102587603,0,-0.9998336238429008,0,-0.41614906919999145,0.9092647093985935,0.007592130548941256,0,0.9091134294304578,0.41621831800425535,-0.01658566208810819,0,17.232994398432893,4.72839238848279,-8.26779128752968,1]
